1.20015 3400
1.40064 3740
1.40127 4420
1.4019 5100
1.40253 5780
1.40316 6460
1.60111 7140
1.60174 7820
1.60237 8500
1.603 9180
1.60363 9860
1.60426 10540
1.60489 11220
1.60552 11900
1.60615 12580
1.80158 13260
1.80221 13940
1.80284 14620
1.80347 15300
1.8041 15980
1.80473 16660
1.80536 17340
1.80599 18020
1.80662 18700
1.80725 19380
1.80788 20060
1.80851 20740
1.80914 21420
1.80977 22100
1.8104 22780
1.81103 23460
1.81166 24140
1.81229 24820
2.00205 25500
2.00268 26180
2.00331 26860
2.00394 27540
2.00457 28220
2.0052 28900
2.00583 29580
2.00646 30260
2.00709 30940
2.00772 31620
2.00835 32300
2.00898 32980
2.00961 33660
2.01024 34340
2.01087 35020
2.0115 35700
2.01213 36380
2.01276 37060
2.01339 37740
2.01403 38420
2.01466 39100
2.01529 39780
2.01592 40460
2.01655 41140
2.01718 41820
2.01781 42500
2.01844 43180
2.01907 43860
2.0197 44540
2.02033 45220
2.02096 45900
2.02159 46580
2.02222 47260
2.02285 47940
2.02348 48620
2.02411 49300
2.20252 49980
2.20315 50660
2.20378 51340
2.20441 52020
2.20504 52700
2.20567 53380
2.2063 54060
2.20693 54740
2.20756 55420
2.20819 56100
2.20882 56780
2.20945 57460
2.21008 58140
2.21071 58820
2.21134 59500
2.21197 60180
2.2126 60860
2.21323 61540
2.21386 62220
2.2145 62900
2.21513 63580
2.21576 64260
2.21639 64940
2.21702 65620
2.21765 66300
2.21828 66980
2.21891 67660
2.21954 68340
2.22017 69020
2.2208 69700
2.22143 70380
2.22206 71060
2.22269 71740
2.22332 72420
2.22395 73100
2.22458 73780
2.22521 74460
2.22584 75140
2.22647 75820
2.2271 76500
2.22773 77180
2.22836 77860
2.22899 78540
2.22962 79220
2.23026 79900
2.23089 80580
2.23152 81260
2.23215 81940
2.23278 82620
2.23341 83300
2.23404 83980
2.23467 84660
2.2353 85340
2.23593 86020
2.23656 86700
2.23719 87380
2.23782 88060
2.23845 88740
2.23908 89420
2.23971 90100
2.24034 90780
2.24097 91460
2.2416 92140
2.24223 92820
2.24286 93500
2.24349 94180
2.24476 65620
2.65171 65960
2.65265 45900
2.85345 46240
2.87298 46580
2.87613 46920
3.02806 47260
3.03437 47600
3.04886 47940
3.08259 48280
3.23168 48620
3.24681 48960
3.27991 49300
3.42963 49640
3.44445 49980
3.47691 50320
3.6301 50660
3.64523 51000
3.68621 51340
3.83908 51680
3.87943 52020
4.03199 52360
4.05657 52700
4.23183 53040
4.24948 53380
4.29424 37060
4.64571 37400
4.64634 37740
4.64697 38080
4.65328 26520
4.85438 26860
4.87928 27200
4.87991 27540
4.88054 27880
4.89569 19380
5.09677 19720
5.25187 20060
5.2525 20400
5.25313 20740
5.29 21080
5.48921 21420
5.68369 21760
5.85391 22100
5.89172 22440
6.09282 22780
6.29424 23120
6.48873 15980
6.68951 16320
6.69613 16660
6.69992 17000
6.89881 17340
7.0977 17680
7.25941 18020
7.28904 12580
7.50087 12920
7.50275 13260
7.66352 13600
7.86147 13940
7.90716 14280
8.10826 14620
8.30904 14960
8.6624 15300
9.71234 10540
9.91281 10880
10.0692 11220
10.0698 11560
10.0704 11900
10.0711 12240
10.27 12580
10.2706 12920
10.4707 13260
10.6715 13600
10.6722 13940
10.872 14280
11.0725 14620
11.2745 14960
11.6745 15300
11.8756 10540
12.0764 10880
12.0808 11220
12.0814 11560
12.2759 11900
12.2766 12240
12.4767 12580
12.4773 12920
12.6775 13260
12.6832 13600
12.8783 13940
13.0791 14280
13.2795 14620
13.4803 14960
13.8816 15300
14.2904 10540
14.4909 10880
14.5246 11220
14.5252 11560
14.6841 11900
14.6847 12240
14.8849 12580
14.8855 12920
15.0857 13260
15.1269 13600
15.2865 13940
15.4872 14280
15.6877 14620
15.8885 14960
16.2898 15300
18.5359 10540
18.7364 10880
18.8971 11220
18.8978 11560
18.8984 11900
18.899 12240
19.0989 8500
19.2997 8840
19.3031 9180
19.4992 9520
19.7063 6460
19.9096 6800
19.9102 7140
Flow 0:Total Bytes Received: 1848580 Goodput:778349 bits/s
Flow 1:Total Bytes Received: 810900 Goodput:341431 bits/s
Flow 2:Total Bytes Received: 1410320 Goodput:593818 bits/s
Flow 3:Total Bytes Received: 1094120 Goodput:460682 bits/s
The Aggregate Goodput:2.17428e+06 bits/s