1.20015 3400
1.40064 3740
1.40127 4080
1.4019 4420
1.40253 4760
1.40316 5100
1.60111 5440
1.60174 5780
1.60237 6120
1.603 6460
1.60363 6800
1.60426 7140
1.60489 7480
1.80158 7820
1.80221 8160
1.80284 8500
1.80347 8840
1.8041 9180
1.80473 9520
1.80536 9860
1.80599 10200
1.80662 10540
1.80725 10880
1.80788 11220
2.00236 11560
2.00299 11900
2.00362 12240
2.00425 12580
2.00488 12920
2.00551 13260
2.00615 13600
2.00678 13940
2.00741 14280
2.00804 14620
2.00867 14960
2.0093 15300
2.00993 15640
2.01056 15980
2.01119 16320
2.01182 16660
2.20283 17000
2.20346 17340
2.20409 17680
2.20472 18020
2.20535 18360
2.20598 18700
2.20725 19040
2.20788 19380
2.20851 19720
2.20914 20060
2.20977 20400
2.2104 20740
2.21103 21080
2.21166 21420
2.21229 21760
2.21292 22100
2.21355 22440
2.21418 22780
2.21481 23120
2.21544 23460
2.21607 23800
2.2167 24140
2.21733 24480
2.4033 24820
2.40393 25160
2.40456 25500
2.40519 25840
2.40582 26180
2.40646 26520
2.40709 26860
2.40772 27200
2.40835 27540
2.40898 27880
2.40961 28220
2.41024 28560
2.41087 28900
2.4115 29240
2.41213 29580
2.41276 29920
2.41339 30260
2.41402 30600
2.41465 30940
2.41528 31280
2.41591 31620
2.41654 31960
2.41717 32300
2.4178 32640
2.41843 32980
2.41906 33320
2.41969 33660
2.42032 34000
2.42095 34340
2.42158 34680
2.42222 35020
2.42285 35360
2.42348 35700
2.42411 36040
2.42474 36380
2.42537 36720
2.60409 37060
2.60472 37400
2.60535 37740
2.60598 38080
2.60661 38420
2.60724 38760
2.60787 39100
2.6085 39440
2.60913 39780
2.6104 19550
2.8137 19555
2.8301 19560
2.83073 19565
2.83136 19570
2.83199 19575
2.83262 19580
2.83325 19585
2.83388 19590
2.83451 19595
2.83514 19600
2.83577 19605
2.8364 19610
2.83703 19615
2.83766 19620
3.00504 19625
3.00567 19630
3.0063 19635
3.00693 19640
3.00756 19645
3.00819 19650
3.00882 19655
3.00945 19660
3.01008 19665
3.01071 19670
3.01134 19675
3.01197 19680
3.0126 19685
3.01323 19690
3.01386 19695
3.03057 19700
3.0312 19705
3.03183 19710
3.03246 19715
3.03309 19720
3.03372 19725
3.03435 19730
3.03498 19735
3.03561 19740
3.03624 19745
3.03687 19750
3.0375 19755
3.03813 19760
3.20551 19765
3.20614 19770
3.20677 19775
3.2074 19780
3.20803 19785
3.20866 19790
3.20929 19795
3.20992 19800
3.21055 19805
3.21118 19810
3.21181 19815
3.21244 19820
3.21307 19825
3.2137 19830
3.21433 19835
3.23104 19840
3.23167 19845
3.2323 19850
3.23293 19855
3.23356 19860
3.23419 19865
3.23482 19870
3.23545 19875
3.23608 19880
3.23671 19885
3.23734 19890
3.23797 19895
3.2386 19900
3.23923 19905
3.40629 19910
3.40692 19915
3.40755 19920
3.40818 19925
3.40881 19930
3.40944 19935
3.41007 19940
3.4107 19945
3.41133 19950
3.41197 19955
3.4126 19960
3.41323 19965
3.41386 19970
3.41449 19975
3.41512 19980
3.43182 19985
3.43245 19990
3.43308 19995
3.43371 20000
3.43434 20005
3.43497 20010
3.43561 20015
3.43624 20020
3.43687 20025
3.4375 20030
3.43813 20035
3.43876 20040
3.43939 20045
3.44002 20050
3.60708 20055
3.60771 20060
3.60834 20065
3.60897 20070
3.6096 20075
3.61023 20080
3.61086 20085
3.61149 20090
3.61212 20095
3.61275 20100
3.61338 20105
3.61401 20110
3.61464 20115
3.6323 9690
4.00898 9701
4.00961 9712
4.01024 9723
4.01087 9734
4.0115 9745
4.01213 9756
4.01276 9767
4.01339 9778
4.01402 9789
4.01465 9800
4.01528 9811
4.01591 9822
4.01655 9833
4.01718 9844
4.20945 9855
4.21039 9866
4.21102 9877
4.21165 9888
4.21228 9899
4.21292 9910
4.21355 9921
4.21418 9932
4.21481 9943
4.21544 9954
4.21607 9965
4.2167 9976
4.21734 9987
4.21797 9998
4.41023 10009
4.41118 10020
4.41181 10031
4.41244 10042
4.41307 10053
4.4137 10064
4.41433 10075
4.41496 10086
4.41559 10097
4.41622 10108
4.41685 10119
4.41748 10130
4.41811 10141
4.41874 10152
4.6107 10163
4.61165 10174
4.61228 10185
4.61291 10196
4.61354 10207
4.61417 10218
4.6148 10229
4.61543 10240
4.61606 10251
4.61669 10262
4.61732 10273
4.61795 10284
4.61858 10295
4.61921 10306
4.81117 10317
4.81212 10328
4.81275 10339
4.81338 10350
4.81401 10361
4.81464 10372
4.81527 10383
4.8159 10394
4.81653 10405
4.81716 10416
4.81779 10427
4.81842 10438
4.81905 10449
4.81968 10460
4.82031 10471
5.01196 10482
5.0129 10493
5.01353 10504
5.01417 10515
5.0148 10525
5.01543 10535
5.01606 10545
5.01669 10555
5.01732 10565
5.01795 10575
5.01858 10585
5.01921 10595
5.01984 10605
5.02047 10615
5.0211 10625
5.21274 10635
5.21369 10645
5.21432 10655
5.21495 10665
5.21558 10675
5.21621 10685
5.21684 10695
5.21747 10705
5.2181 10715
5.21873 10725
5.21936 10735
5.21999 10745
5.22062 10755
5.22125 10765
5.22188 10775
5.41321 10785
5.41416 10795
5.41479 10805
5.41542 10815
5.41605 10825
5.41668 10835
5.41731 10845
5.41794 10855
5.41857 10865
5.4192 10875
5.41983 10885
5.42046 10895
5.42109 10905
5.42172 10915
5.42235 10925
5.61368 10935
5.61463 10945
5.61526 10955
5.61589 10965
5.61652 10975
5.61715 10985
5.61778 10995
5.61841 11005
5.61904 11015
5.61967 11025
5.6203 11035
5.62093 11045
5.62156 11055
5.62219 11065
5.62282 11075
5.62346 11085
5.81447 11095
5.81542 11105
5.81605 11115
5.81668 11125
5.81731 11135
5.81794 11145
5.81857 11155
5.8192 11165
5.81983 11175
5.82046 11185
5.82109 11195
5.82172 11205
5.82235 11215
5.82298 11225
5.82361 11235
5.82424 11245
6.01525 11255
6.0162 11265
6.01683 11275
6.01746 11285
6.01809 11295
6.01872 11305
6.01935 11315
6.01998 11325
6.02061 11335
6.02124 11345
6.02187 11355
6.0225 11365
6.02313 11375
6.02377 11385
6.0244 11395
6.02503 11405
6.21572 11415
6.21667 11425
6.2173 11435
6.21793 11445
6.21856 11455
6.21919 11465
6.21982 11475
6.22045 11485
6.22108 11495
6.22171 11505
6.22234 11515
6.22297 11525
6.2236 11535
6.22424 11545
6.22487 11555
6.2255 11565
6.41619 11574
6.41714 11583
6.41777 11592
6.4184 11601
6.41903 11610
6.41966 11619
6.42029 11628
6.42092 11637
6.42155 11646
6.42218 11655
6.42281 11664
6.42344 11673
6.42407 11682
6.42471 11691
6.42534 11700
6.42597 11709
6.4266 11718
6.61698 11727
6.61793 11736
6.61856 11745
6.61919 11754
6.61982 11763
6.62045 11772
6.62108 11781
6.62171 11790
6.62234 11799
6.62297 11808
6.6236 11817
6.62423 11826
6.62486 11835
6.62549 11844
6.62612 11853
6.62675 11862
6.62738 11871
6.81777 11880
6.81871 11889
6.81934 11898
6.81997 11907
6.8206 11916
6.82123 11925
6.82186 11934
6.82249 11943
6.82312 11952
6.82375 11961
6.82438 11970
6.82502 11979
6.82565 11988
6.82628 11997
6.82691 12006
6.82754 12015
6.82817 12024
7.01855 12033
7.0195 12042
7.02013 12051
7.02076 12060
7.02139 12069
7.02202 12078
7.02265 12087
7.02328 12096
7.02391 12105
7.02454 12114
7.02517 12123
7.0258 12132
7.02643 12141
7.02706 12150
7.02769 12159
7.02832 12168
7.02895 12177
7.21902 12186
7.21997 12195
7.2206 12204
7.22123 12213
7.22186 12222
7.22249 12231
7.22312 12240
7.22375 12249
7.22438 12258
7.22501 12267
7.22564 12276
7.22627 12285
7.2269 12294
7.22753 12303
7.22816 12312
7.22879 12321
7.22942 12330
7.41949 12339
7.42044 12348
7.42107 12357
7.4217 12366
7.42233 12375
7.42296 12384
7.42359 12393
7.42485 12402
7.42548 12411
7.42611 12420
7.42674 12429
7.42737 12438
7.428 12447
7.42863 12456
7.42926 12465
7.42989 12474
7.43052 12483
7.62028 12492
7.62122 12501
7.62185 12510
7.62248 12519
7.62311 12528
7.62374 12537
7.62437 12546
7.62563 12555
7.62626 12564
7.6269 12573
7.62753 12582
7.62816 12591
7.62879 12600
7.62942 12609
7.63005 12618
7.63068 12627
7.63131 12636
7.63194 12645
7.82106 12654
7.82201 12663
7.82264 12672
7.82327 12681
7.8239 12690
7.82453 12699
7.82516 12708
7.82642 12717
7.82705 12726
7.82768 12735
7.82831 12744
7.82894 12753
7.82957 12762
7.8302 12771
7.83083 12780
7.83146 12789
7.83209 12798
7.83272 12807
8.02153 12816
8.02248 12825
8.02311 12834
8.02374 12843
8.02437 12852
8.025 12860
8.02563 12868
8.02689 12876
8.02752 12884
8.02815 12892
8.02878 12900
8.02941 12908
8.03004 12916
8.03067 12924
8.0313 12932
8.03193 12940
8.03256 12948
8.03319 12956
8.222 12964
8.22295 12972
8.22358 12980
8.22421 12988
8.22484 12996
8.22547 13004
8.2261 13012
8.22736 13020
8.22799 13028
8.22862 13036
8.22925 13044
8.22988 13052
8.23051 13060
8.23114 13068
8.23177 13076
8.2324 13084
8.23303 13092
8.23366 13100
8.23429 13108
8.42279 13116
8.42373 13124
8.42436 13132
8.42499 13140
8.42562 13148
8.42625 13156
8.42688 13164
8.42815 13172
8.42878 13180
8.42941 13188
8.43004 13196
8.43067 13204
8.4313 13212
8.43193 13220
8.43256 13228
8.43319 13236
8.43382 13244
8.43445 13252
8.43508 13260
8.62357 13268
8.62452 13276
8.62515 13284
8.62578 13292
8.62641 13300
8.62704 13308
8.62767 13316
8.62893 13324
8.62956 13332
8.63019 13340
8.63082 13348
8.63145 13356
8.63208 13364
8.63271 13372
8.63334 13380
8.63397 13388
8.6346 13396
8.63523 13404
8.63586 13412
8.82404 13420
8.82499 13428
8.82562 13436
8.82625 13444
8.82688 13452
8.82751 13460
8.82814 13468
8.8294 13476
8.83003 13484
8.83066 13492
8.83129 13500
8.83192 13508
8.83255 13516
8.83318 13524
8.83381 13532
8.83444 13540
8.83507 13548
8.8357 13556
8.83634 13564
9.02451 13572
9.02546 13580
9.02609 13588
9.02672 13596
9.02735 13604
9.02798 13612
9.02861 13620
9.02987 13628
9.0305 13636
9.03113 13644
9.03176 13652
9.03239 13660
9.03302 13668
9.03365 13676
9.03428 13684
9.03587 6460
9.23665 6477
9.43145 6494
9.43208 6511
9.43271 6528
9.43398 2890
9.63445 2930
9.83303 2969
9.83366 3007
9.8343 3045
9.83493 3082
10.0338 3119
10.0344 3156
10.0351 3192
10.0357 3228
10.2343 3263
10.2349 3298
10.2356 3333
10.2362 3367
10.4348 3401
10.4354 3434
10.436 3467
10.4367 3500
10.6352 3533
10.6359 3565
10.6365 3597
10.6371 3629
10.6377 3660
10.836 3691
10.8366 3722
10.8373 3753
10.8379 3783
10.8385 3813
11.0368 3843
11.0374 3873
11.0381 3902
11.0387 3931
11.0393 3960
11.2373 3989
11.2379 4017
11.2385 4045
11.2392 4073
11.2398 4101
11.4377 4129
11.4384 4156
11.439 4183
11.4396 4210
11.4403 4237
11.4409 4264
11.6385 4291
11.6391 4317
11.6398 4343
11.6404 4369
11.641 4395
11.6417 4421
11.8393 4447
11.8399 4472
11.8406 4497
11.8412 4522
11.8418 4547
11.8425 4572
12.0398 4597
12.0404 4622
12.041 4647
12.0417 4671
12.0423 4695
12.0429 4719
12.2402 4743
12.2409 4767
12.2415 4791
12.2421 4815
12.2428 4839
12.2434 4862
12.4407 4885
12.4413 4908
12.442 4931
12.4426 4954
12.4432 4977
12.4439 5000
12.4445 5023
12.6415 5046
12.6421 5068
12.6428 5090
12.6434 5112
12.644 5134
12.6447 5156
12.6453 5178
12.8423 5200
12.8429 5222
12.8435 5244
12.8442 5266
12.8448 5287
12.8454 5308
12.8461 5329
13.0428 5350
13.0434 5371
13.044 5392
13.0446 5413
13.0453 5434
13.0459 5455
13.0465 5476
13.2432 5497
13.2439 5518
13.2445 5538
13.2451 5558
13.2464 2380
13.4469 2428
13.6457 2475
13.6464 2521
13.647 2566
13.8462 2611
13.8468 2655
13.8475 2698
14.0467 2740
14.0473 2782
14.048 2823
14.2472 2863
14.2478 2903
14.2484 2942
14.2491 2981
14.4479 3019
14.4486 3057
14.4492 3094
14.4498 3131
14.6487 3167
14.6494 3203
14.65 3239
14.6506 3274
14.8492 3309
14.8498 3343
14.8505 3377
14.8511 3411
15.0497 3444
15.0503 3477
15.0509 3510
15.0516 3542
15.0522 3574
15.2505 3606
15.2511 3638
15.2517 3669
15.2523 3700
15.253 3731
15.4512 3761
15.4519 3791
15.4525 3821
15.4531 3851
15.4538 3881
15.652 3910
15.6527 3939
15.6533 3968
15.6539 3997
15.6545 4025
15.8525 4053
15.8531 4081
15.8538 4109
15.8544 4137
15.855 4164
16.0536 1700
16.2541 1768
16.2566 1833
16.4542 1896
16.4571 1956
16.6575 680
16.858 850
17.0585 986
17.2593 1103
17.4601 1207
17.6604 1302
17.6608 1390
17.8613 1473
17.8619 1551
18.0621 1625
18.0627 1696
18.2629 1764
18.2635 1829
18.4637 1892
18.4643 1953
18.6641 2012
18.6648 2069
18.8646 2124
18.8652 2178
19.0657 680
19.2665 850
19.467 986
19.6678 1103
19.8685 1207
Flow 0:Total Bytes Received: 658240 Goodput:277153 bits/s
Flow 1:Total Bytes Received: 884680 Goodput:372496 bits/s
Flow 2:Total Bytes Received: 471580 Goodput:198560 bits/s
Flow 3:Total Bytes Received: 313480 Goodput:131991 bits/s
The Aggregate Goodput:980200 bits/s