0.126924 Change from 0 to 6500000
0.172161 Change from 6500000 to 263250000
0.275229 Change from 263250000 to 351000000
0.528696 Change from 351000000 to 390000000
1.5  (10, 0, 1)  10.198  4.00695e+08 bits/s
2.5  (15, 0, 1)  15.1327  3.12656e+08 bits/s
3.5  (20, 0, 1)  20.0998  3.09101e+08 bits/s
4.5  (25, 0, 1)  25.0799  3.09453e+08 bits/s
5.5  (30, 0, 1)  30.0666  3.12394e+08 bits/s
6.5  (35, 0, 1)  35.0571  3.11656e+08 bits/s
7.5  (35, 5, 1)  35.4119  3.09756e+08 bits/s
8.5  (35, 10, 1)  36.4555  3.07454e+08 bits/s
9.5  (40, 10, 1)  41.2795  2.59949e+08 bits/s
9.54869 Change from 390000000 to 351000000
10.5  (45, 10, 1)  46.1411  2.55738e+08 bits/s
10.7033 Change from 351000000 to 292500000
10.7037 Change from 292500000 to 351000000
10.8638 Change from 351000000 to 263250000
11.5  (50, 10, 1)  51.0294  2.1128e+08 bits/s
12.5  (55, 10, 1)  55.9375  2.21667e+08 bits/s
